          100         850
            5         114          -3         -18         -22         -27
          -57
            5         335           2           8          19          28
           71
            8         193           9         -12          18         -24
           44          91         -93         -98
            5         995          45          62         -80         -93
           97
            4         687         -30         -50         -53         -69
            4         200         -17         -47         -56         -76
            8          94          35          46         -47         -57
          -60          63         -71         -73
            5         153         -30          45          67         -90
          -94
            6         709          28         -38         -46         -51
          -83          96
            4          17         -21         -74         -76         100
            2         945         -13          26
            4         940         -29          33         -85         -88
            4         475           2          25          30          89
            2         505         -37         -77
            3         695         -12          17          83
            4         582           7          49          83         -97
            7           5           1          -7          29          30
          -42         -72         -84
            5         518         -12          26          29          31
           63
            8         610          15          35          38          39
          -71          73         -93          97
            3         471          -3          25         -95
            4         631          12          23         -69          89
            3         320         -28          31         -80
            2         283          44         -96
            9         785           1          20          22          24
           59         -68          71          91          92
            3         907          18          23         -65
            2         297          -9         -19
            4         613          47         -56         -68         -96
            3         774         -20          79          90
            5         243         -29          38          48         -78
           84
            7         162          -5           7          12         -18
           74          93          94
            6         535          15         -17         -50         -70
           81         -86
            3         233         -14          16          52
            5         571         -22         -44         -54          97
           99
            3         467         -17         -40         -55
            3         845         -12          34          73
            5         570         -31         -33         -56          58
          -59
            6          46          -1          37          75         -76
          -90         100
            5         588         -18          49          76          85
          -97
            3          86          14          70         -73
            4         807          60          71          82          85
            5         747          39         -53          57         -68
          -73
            6         560           1          22         -29         -38
          -55         -60
            6          31           7          22          78          79
          -95          99
            6         829         -13          24          25         -40
          -43          70
            6         667           2           5          27         -42
          -51         -88
            4         262           2         -23          35         -36
            9           6          -6         -27          29          30
          -32          34          35         -37         -42
            4         810           1         -22          88         -94
            6         964           8         -31         -40          52
           63         -81
            5         516         -15         -65          73          74
           93
            4         357          -8          26         -44          79
            5          55           1          18         -58          63
           80
            4         335         -12         -28         -36          64
            6         122          12         -16         -55          61
           83          97
            6         904           2          16         -27          38
          -77         -84
            3         111           4         -50         -55
            8         180           1           3           8          19
          -33         -36          46          72
            5          96          -4          12          21          85
           92
            7          97          -8         -39         -48          59
           60          67         -77
            6         430         -31          50         -55          66
          -83          88
            5         240           8         -25          66          70
          -99
            5         687           6         -39         -52          71
          -83
            4         347           2          -4         -54          73
            5         214          51          61          75         -81
           84
            4         357          -2         -40          60          89
            6         199          22          23         -28         -42
           50         -52
            2         284           6          34
            4         973         -10          14         -46          57
            9         296          -6          29         -44         -49
          -53          66          71         -84          88
            3         325          -7          31         -38
            6         417           4          -7          14          49
          -59         -70
            3         765          48          50          68
            4         364          -3           9          34         -65
            3         624          23          73          76
            3         327         -59          62         -72
            3         838          46          47          78
            7         529          -5          45          51          66
           81          88         -93
            4         726          -4           7         -28         -45
            5         613         -18          37          42          51
          -63
            8         998         -14          25          27         -48
          -50          59         -65         -69
            4         499         -17          68          73         -88
            3         777          26          53         -88
            4         296           5         -11          42          98
            4         620          -3         -65         -75         -98
            5         594          31          34         -41          47
           99
            4         353          50          64          65        -100
           10         356          -4          13         -16         -40
          -44          72          73         -80         -85         -91
            6         965          27          29          46         -59
           66         -67
            7         627          12         -22          38         -49
          -81         -87        -100
            4         387         -21          66          73         -74
           10         851          -2          -6          16         -35
          -55          60         -67         -82         -86         -91
            5         201         -16          18          58         -84
          -98
            4         468           2          69          76         -87
            7         413          -3          10          11          46
          -59         -86         -89
            6         259           1          17          21         -27
          -51          98
            7         868         -12         -29          55         -65
           85          87         100
            4         221          80          93          96          98
            5         715           9         -28         -69         -92
          -98
            7         933           4         -17         -27         -38
           81          82         -88
            2         962          40          78
            7         611          -6         -13          40         -61
           69          91          97
            4         158         -10         -33         -52          65
            2         628          -7          97
            9         659           8          -9         -20         -35
          -38         -59         -71          95          96
            7         548          -2           8           9          37
           69         -74          81
            6         371          17         -46          49         -58
          -61         -97
            5         349          -6          11          40         -55
           59
            4         547         -15          24         -25         -28
            3         992         -30          40          93
            4         131           1          -9         -16         -55
            7         361          27          39          63         -64
           81          82          93
            8         765           9          27         -33         -77
           81         -89          92         -93
            5         194          12         -34         -38         -50
          -93
            2          11           4          28
            3         934          11          74         -87
            3         538          39         -70         -79
            4         391          21         -83         -85          91
            6         122          -8          47          48         -57
          -80         -86
            8         406          17          41          58          68
           69         -72         -82          97
            5         492          11         -50          53         -59
           62
            4         482           8          17         -55          71
            4          75          61         -68          77         -84
            4         896           3         -11         -28          46
            7         596          37         -41         -63          66
           72         -79         -82
            9         626         -15          18         -30          43
          -48         -64          67         -70        -100
            7        1000           2          14         -36         -45
           56         -57         -75
            3         209         -22          24          63
            3         158          12          67          94
            3          77          -2         -31         -57
            2         993         -50          65
            3         366          24         -30         -72
            7         498          17         -21         -40         -49
           69         -83         -95
            6         617         -17          25         -63         -77
           83          90
            3         160         -11          24          49
            2         356          -9          16
            6         229          24          34         -62          78
           93         -99
            4         579          41         -42         -64          88
            4          59          -3         -54         -65         -70
            3         976          44         -57         -72
            9         274           2          18          20         -28
          -46          49         -59          74          92
            6         915           4          19         -56         -68
          -74          97
            2         339          59          99
            5          14          17         -37          51         -53
          -73
            3          70          59         -60          72
            7         360          25          41          43         -65
           68          70         -91
            6         417          48         -53          81          92
          -94         -98
            5         481         -26         -65          69         -86
           99
            5         209         -11         -23          43         -53
          -91
            4         382           6         -42         -51          57
            6         417          -3         -10          14         -27
           51          53
            4         707         -11          61          74         -94
            5         650         -36         -65         -76         -93
           96
            5         444           7         -12          15         -54
          -86
            4         644         -23         -34          45         -87
            9         732         -33          38         -51          69
          -79          83          86         -88         -97
            4         302          16          72          77          84
            4         410           9          16          17          78
            6         162         -11          14         -27         -44
          -81          91
            5         809          -6          60          68          71
           78
            6         512          -1          23          42         -48
          -65         -67
            5         523          51         -68         -73          76
           90
            7          64          -1          16         -41          59
           62          68         -84
            4         216           1          12         -46         -75
            4         794          17         -31          66         -68
            5         328           5          14          54          75
           76
            4         747          15          56          71          83
            3         729          -4          70         -73
            4         821           7          38         -55         -99
            4         379          11         -34         -38         -50
            8         930         -29          31         -32          42
          -46         -49          53         -89
            7          35          -2         -13          52          76
           79          82         -85
            3         946          10         -15          91
            7         973         -19          24          28         -40
           42          46          92
            5         772         -25          47          51          63
          -80
            5         234           3         -12         -64         -83
          100
            2         904         -44          93
            4         742          28          89          93         -96
            7         665          -8          19          25          28
           30         -44         -60
            4         139         -22         -27         -40          93
            8         423           4           9         -12         -25
          -67         -72         -79         -98
            2         869         -19         -42
            4         498          31          93         -95         -98
            3         848          50          74         -84
            5          20          24          25         -40          78
           86
            3          87          -1          22          38
            4         279           1          -4          12          92
            4         619         -36          83         -95          99
            3         818         -58          93          99
            5         161         -25         -29         -33          60
          -84
            4          17         -62         -72          83          84
            9         300          14         -19         -36          43
           48         -53          63         -84          97
            7         593          -2          -7          11          17
           28          37          80
            8         910          -2           6          18         -21
           27         -33          53         100
            3         418          54          71         -89
            4         510         -39         -59         -62         -78
            4         607         -26         -56         -65         -85
            9         163          -3          44          55         -56
          -66         -69          72         -80         -82
            5          82           5         -39          54          76
          -99
            6         626           9          37         -47         -55
          -60         -92
            3         120         -30         -83         -85
            2         536         -22          35
            4         498         -38          42         -94         -97
            4         273          11          34          39          98
            2         979         -46         -86
            4         662          -6         -21          26          92
            3         665          16          58          92
            7         488          10         -16          38          39
          -51         -81         -93
            7         875          -2           6         -21          35
           38          40          72
            7         265          -4          24          44          47
           48         -80          82
            2         105         -12          34
            4          70          21          32         -78          98
            4         621          -5         -37          40         -89
            2         879           1          53
            8         604          10          29          31          33
           68         -77          80         100
            3          79          27          32         -74
            3         147          -5         -18         -28
            3         290          56         -65         -77
            3         285         -29          88          99
            7          35           2           3         -38          47
           57         -87          93
            5         969         -14          16          21         -27
           83
            6         288          24         -26         -59         -79
           90         -95
            5         125           6           8         -23          25
           61
            3         602         -31         -53         -63
            3         411         -26         -49         -64
            4         740          -8         -21          43          82
            6         142           9         -40         -42         -65
           67         -68
            6          16          -6         -10          46          84
          -85         -99
            4         945         -27          58          85          94
            3         982          23          79         -82
            4          69          69          80          91          94
            5         187          48         -62          66         -77
          -82
            8         934          -4           8          10          31
          -38         -47         -64         -69
            4         587          16          31          87          88
            6         789         -22          33          34         -49
          -52          79
            6         259          11          14          36         -51
          -60         -97
            4         865          11         -32          44         -45
           10         851          -3         -15         -36          38
           39         -41          43          44         -46         -51
            3         772          10         -31          97
            7          68           2          17         -40         -49
           61          72         -90
            4         569         -24         -74          82          83
            4         994         -17          35         -53          88
            5         342          10          27         -67          72
           89
            5          49           6         -21         -37         -45
           73
            5         285          21         -25         -64          70
           92
            6          42          11          25         -36          47
          -86         -93
            3         331          13         -59         -64
            9         496           1          10          12          17
           28         -42         -45          55          81
            4         364         -13          21          30          94
            7         464         -17         -48         -57          68
           69          76         -86
            7         216          -8         -40          59         -64
           75         -92          97
            4         663          17         -34          75          79
            5         331          15         -48         -61          80
          -92
            4         818          11         -13         -63          82
            5         175          60          70          84         -90
           93
            4         268         -11         -49          69          98
            6         822          31          32         -37         -51
           59         -61
            2         126          15          43
            4         417         -19          23         -55          66
            9         913         -15          38         -53         -58
          -62          75          80         -93          97
            3         204         -16          40         -47
            6         274          13         -16          23          58
          -68         -79
            3         976          57          59          77
            4         272         -12          18          43         -74
            3         237          32          82          85
            3          75         -68          71         -81
            4          26          -2          55          56          87
            6         302         -14          54          60          75
           90          97
            4         850         -13          16         -37         -54
            5         497         -27          46          51          60
          -72
            8         664         -23          34          36         -57
          -59          68         -74         -78
            4          63         -26          77          82         -97
            4         115           7          35          62         -97
            4         858          -7          14         -20          51
            4         250           8         -12         -74         -84
            5         317          -9          40          43         -50
           56
            3         745          59          73          74
           10         549         -13          22         -25         -49
          -53          81          82         -89         -94        -100
            7         389          -9          36          38          55
          -68          75         -76
            6         574          21         -31          47         -58
          -90         -96
            4         372         -30          75          82         -83
           11         412          -7         -11         -15          25
          -44         -64          69         -76         -91         -95
         -100
            4         393         -25          27          67         -93
            4         628          11          78          85         -96
            8         649           7         -12          19          20
           55         -68         -95         -98
            6         891           9          10          26          30
          -36         -60
            9         865           2           5           7         -21
          -38          64         -74          94          96
            3         970          -1          -7          89
            3         195          18         -37         -78
            7         331          13         -26         -36         -47
           90          91         -97
            3         877           6          49          87
            6         602         -15         -22          49         -70
           78         100
            5         577           6         -19         -42         -61
           74
            3         979           4           5         -16
            7         795          17         -18         -29         -44
          -47         -68         -80
            8          16          -6         -11          17          18
           46          78         -83          90
            5         194          26         -55          58         -67
          -70
            5          94         -15          20          49         -64
           68
            5         344           2         -24          33         -34
          -37
            2         669         -39          49
            5         645           2          10         -18         -25
          -64
            8         256           1          -2          36          48
           72         -73          90          91
            7         665          -2          18          36         -42
          -86          90         -98
            4         243          21         -43         -47         -59
            2         709          13          37
            3          36          20          83         -96
            3          91          48         -79         -88
            4         312          30         -92         -94         100
            7         347           6         -17          56          57
          -66         -89         -95
            7         999          26          50          67          77
           78         -81         -91
            5          90          20         -59          62         -68
           71
            4         858          17          26         -64          80
            4         811          70         -77          86         -93
            4         618          12         -20         -37          55
            8         595          -9          46         -50         -72
           75          81         -88         -91
            8         255         -24          27         -39          52
          -57         -73          76         -79
            7         845          11          23         -45         -54
           65         -66         -84
            4         364           3         -31          33          72
            2         844          21          76
            3         283         -11         -40         -66
            2         799         -59          74
            4         556          -4          33         -39         -81
            6         219          26         -30         -49         -58
           78         -92
            6         824         -26          34         -72         -86
           92          99
            3         298         -20          33          58
            4         834           2          -8         -18          25
            4         561          33          43         -71          87
            4         805          50         -51         -73          97
            4         752         -12         -63         -74         -79
            4          87           1          53         -66         -81
            9         335           6          11          27          29
          -37         -55          58         -68          83
            6         804           8          13          28         -65
          -77         -83
            5         465          26         -46          60         -62
          -82
            3         147          68         -69          81
           10         252           1          -3          -7          34
           50          52         -74          77          79        -100
            4         457           8          57         -62          90
            4         817         -35         -74          78         -95
            5         403         -20         -32          52         -62
         -100
            4         145          15         -51         -60          66
            7         712          -3         -12         -19          23
          -36          60          62
            5         270          -2           5         -20          70
           83
            3         393         -45         -74         -85
            5         645          16         -21          24         -63
          -95
            5         335          -6         -32         -43          54
          -96
            8         987         -42          47         -60          78
          -88          92          95         -97
            4          33          25          81          86          93
            4         207          18          25          26          87
            6         743         -20          23         -36         -53
          -90         100
            5         983         -15          69          77          80
           87
            6         546         -10          32          51         -57
          -74         -76
            5         688          60         -77         -82          85
           99
            7         753         -10          25         -50          68
           71          77         -93
            4         646          10          21         -55         -84
            4         287          26         -40          75         -77
            5         326          14          23          63          84
           85
            4         708          24          65          80          92
            3         501         -13          79         -82
            2         239          -8         -12
            3          85          16          47         -64
            4         288          20         -43         -47         -59
            8         606         -38          40         -41          51
          -55         -58          62         -98
            7         281         -11         -22          61          85
           88          91         -94
            4         669           1          19         -24         100
            6         903         -28          33          37         -49
           51          55
            6         943           9         -34          56          60
           72         -89
            5         429           2          12         -21         -73
          -92
            3         802           2          -5         -53
            2         864          37          98
            8         373           2         -17          28          34
           37          39         -53         -69
            4         197          -7         -31         -36         -49
            7         194          13          18         -21         -34
          -76         -81         -88
            5          84           2          -4          -7         -28
          -51
            3         388          59          83         -93
            5         177          33          34         -49          87
           95
            4         622           1         -10          31          47
            5         367          -4           8          10         -13
           21
            4         194           2           8         -45          92
            5         810         -34         -38         -42          69
          -93
            5         819           6         -71         -81          92
           93
            8         284          23         -28         -45          52
           57         -62          72         -93
            8         477           9         -11         -16          20
           26          37          46          89
            7         911         -11          15          27         -30
           36         -42          62
            3          67          63          80         -98
            4         451         -48         -68         -71         -87
            4         696         -35         -65         -74         -94
           10         482          -8         -12          53          64
          -65         -75         -78          81         -89         -91
            5         564          -1          14         -48          63
           85
            5          87          18          46         -56         -64
          -69
            3         639         -39         -92         -94
            4          49          -3          -6         -31          44
            3         223           7         -47          51
            3         626          20          43          48
            3         117           1         -55         -95
            4         370           1         -15         -30          35
            2         263          25          67
            2         129          -2          19
            6         693          19         -25          47          48
          -60         -90
            7         504         -11          15         -30          44
           47          49          81
            7         677         -13          33          53          56
           57         -89          91
            3         871           7         -21          43
            3         207          30          41         -87
            4         133         -14         -46          49         -98
            3         197           9          10          62
            7          59          19          38          40          42
           77         -86          89
            3          68          36          41         -83
            3          87         -14         -27         -37
            4         290           8          65         -74         -86
            3         501           2         -38          97
            6         988          11          12         -47          56
           66         -96
            6         128          -4         -23          25          30
          -36          92
            5         924          33         -35         -68         -88
           99
            5         841          15          17         -32          34
           70
            3         371         -40         -62         -72
            3         740         -35         -58         -73
            4         465         -17         -30          52          91
            7         211          -8          18         -49         -51
          -74          76         -77
            6         329           3         -15         -19          55
           93         -94
            3         486         -36          67          94
            4         119           3          32          88         -91
            3         932          78          89         100
            5         267          57         -71          75         -86
          -91
            8         752         -13          17          19          40
          -47         -56         -73         -78
            4         644          25          40          96          97
            7         170          -6         -31          42          43
          -58         -61          88
            5         412          20          23          45         -60
          -69
            4         633          20         -41          53         -54
           11         265           6         -12         -24         -45
           47          48         -50          52          53         -55
          -60
            2         731          19         -40
            7          11          11          26         -49         -58
           70          81         -99
            4         794         -33         -83          91          92
            4          97         -26          44         -62          97
            5          87          19          36         -76          81
           98
            6         570           1          15         -30         -46
          -54          82
            4         381          30         -34         -73          79
            5         394          20          34         -45          56
          -95
            3         693          22         -68         -73
           10         505           3          10          19          21
           26          37         -51         -54          64          90
            3         864         -22          30          39
            9           9          -1           6         -26         -57
          -66          77          78          85         -95
            5         987         -17         -49          68         -73
           84
            5         450          -1          26         -43          84
           88
            4         276          24         -57         -70          89
            5         596           2          20         -22         -72
           91
            5         374           7          69          79          93
          -99
            3         564         -20         -58          78
            6         716          40          41         -46         -60
           68         -70
            2         984          24          52
            6         997          -2           6         -28          32
          -64          75
            7         654         -24          47         -62         -67
          -71          84          89
            3         413         -25          49         -56
            6         505          22         -25          32          67
          -77         -88
            3         704          66          68          86
            4         987         -21          27          52         -83
            3         332          41          91          94
            3         648         -77          80         -90
            5         101           6         -11          64          65
           96
            5         281         -23          63          69          84
           99
            4         106         -22          25         -46         -63
            5          91         -36          55          60          69
          -81
            9         703          -6         -32          43          45
          -66         -68          77         -83         -87
            4         111          -6         -35          86          91
            3         776          16          44          71
            4         742         -16          23         -29          60
            4         525          17         -21         -83         -93
            5         430         -18          49          52         -59
           65
            5         929          -3          -9          68          82
           83
            8         284         -22          31         -34         -58
          -62          90          91         -98
            8         731          -5         -18          45          47
           64         -77          84         -85
            5         599          30         -40          56         -67
          -99
            6         299          -4          -9         -39          84
           91         -92
           10          33          -2         -16         -20         -24
           34         -53         -73          78         -85        -100
            4         545          -5         -34          36          76
            5         753          -4          -7          20          87
           94
            6         437          16         -21          28          29
           64         -77
            8         226           3           5          18          19
           35          39         -45         -69
            7         613          11          14          16         -30
          -47          73         -83
            3         669         -10         -16          98
            4         849          -6          27         -46         -87
            6         600          22         -35         -45         -56
           99         100
            4          92           9          15          58          96
            5         608         -24         -31          58         -79
           87
            5         215          15         -28         -51         -70
           83
            3         449          13          14         -25
            7         559          26         -27         -38         -53
          -56         -77         -89
            8         413         -15         -20          26          27
           55          87         -92          99
            5         544          35         -64          67         -76
          -79
            5         862         -24          29          58         -73
           77
            5         162          11         -33          42         -43
          -46
            2         174         -48          58
            5         974          11          19         -27         -34
          -73
            9         565          -7          10         -11          45
           57          81         -82          99         100
            6         440         -11          27          45         -51
          -95          99
            4         686          30         -52         -56         -68
            3         610          -5          22          46
            2         443          29          92
            6         705          -1          -3           9          57
          -88         -97
            2         294          -4          39
            6         640          15         -26          65          66
          -75         -98
            7         398          35          59          76          86
           87         -90        -100
            5         116          29         -68          71         -77
           80
            5         572          -2          26          35         -73
           89
            3         433          79         -86          95
            4         124          21         -29         -46          64
            8         548         -18          55         -59         -81
           84          90         -97        -100
            8         939         -33          36         -48          61
          -66         -82          85         -88
            7         785          20          32         -54         -63
           74         -75         -93
            4         601          12         -40          42          81
            2         886          30          85
            3         739         -20         -49         -75
            2         471         -68          83
            5         911          -1         -13          42         -48
          -90
            7         252           1           8          35         -39
          -58         -67          87
            4         380         -35          43         -81         -95
            3         210         -29          42          67
            4         944          11         -17         -27          34
            5         661           6          42          52         -80
           96
            3          39          59         -60         -82
            4         922         -21         -72         -83         -88
            4          64          10          62         -75         -90
            9         637          15          20          36          38
          -46         -64          67         -77          92
            6         540          17          22          37         -74
          -86         -92
            5         245          35         -55          69         -71
          -91
            3         733          77         -78          90
            9         693          10         -12         -16          43
           59          61         -83          86          88
            5         258          -4          17          66         -71
           99
            4         834          -9         -44         -83          87
            4         634         -29         -41          61         -71
            4         636          24         -60         -69          75
            7         477         -12         -21         -28          32
          -45          69          71
            5         511         -11          14         -29          79
           92
            4         711          -4         -54         -83         -94
            5         359          -5          25         -30          33
          -72
            7         593           1           4          -6         -15
          -41         -52          63
            6         710           2         -51          56         -69
           87         -97
            3         799          34          90          95
            5         803           9          27          34          35
           96
            5         775         -29          32         -45         -62
          -99
            5         577         -24          78          86          89
           96
            7         293           8         -19          41          60
          -66         -83         -85
            4         744          69         -86         -91          94
            2         614          -2         -61
            6         467         -19          34         -59          77
           80          86
            4          12          19          30         -64         -93
            4         374          35         -49          84         -86
            6         147           1          23          32          72
           93          94
            3         853          33          74          89
            3         768         -22          88         -91
            2         281         -17         -21
            3          60          25          56         -73
            5         614          -7          29         -52         -56
          -68
            8         116          -3         -47          49         -50
           60         -64         -67          71
            7         252           9         -20         -31          70
           94          97         100
            3         298          10          28         -33
            6         651         -37          42          46         -58
           60          64
            7         168          -1          18         -43          65
           69          81         -98
            4         295          11          21         -30         -82
            4         942           7          11         -14         -62
            8         802          11         -26          37          43
           46          48         -62         -78
            4           1         -16         -40         -45         -58
            7         290          22          27         -30         -43
          -85         -90         -97
            5         170          11         -13         -16         -37
          -60
            2         226          -2          49
            3         658           4          68          92
            4          59          42          43         -58          96
            4         236          10         -19          40          56
            6         774           1         -13          17          19
          -22          30
            3         477          11          17         -54
            2         838          -2         -76
            6          83           1           2         -43         -47
          -51          78
            4         164          -2          15         -80         -90
            7         407          32         -37         -54          61
           66         -71          81
            8         830          18         -20         -25          29
           35          46          55          98
            8         113          -7         -20          24          36
          -39          45         -51          71
            2         255          72          89
            5         189          -3         -57         -77         -80
          -96
            3         572         -44         -74         -83
           10         408         -17         -21          62          73
          -74         -84         -87          90         -98        -100
            5         318         -10          23         -57          72
           94
            7           1          -1          -3          27          55
          -65         -73         -78
            4         125         -12         -15         -40          53
            3         775          16         -56          60
            4         439          -4          29          52          57
            2         650          10         -64
            4          23          10         -24         -39          44
            2         868          34          76
            2         370         -11          28
            6         703          28         -34          56          57
          -69         -99
            7         824         -20          24         -39          53
           56          58          90
            7         982         -22          42          62          65
           66         -98         100
            3          85          16         -30          52
            4         957          -7          39          50         -96
            3          43         -23         -55          58
            3          98          18          19          71
            7         653          28          47          49          51
           86         -95          98
            3         232          45          50         -92
            3         686         -23         -36         -46
            5         218           6          17          74         -83
          -95
            3         368          -5          11         -47
            6         588           1          20          21         -56
           65          75
            6         579           8         -13         -32          34
           39         -45
            4         716          42         -44         -77         -97
            5          39          24          26         -41          43
           79
            3         560         -49         -71         -81
            3         234         -44         -67         -82
            4         322         -26         -39          61         100
            9         535           2          -3         -17          27
          -58         -60         -83          85         -86
            5         388           3          12         -24         -28
           64
            2         373         -45          76
            5         415           9          12          41          97
         -100
            2         193          87          98
            5         109          66         -80          84         -95
         -100
           10         267           5           6         -22          26
           28          49         -56         -65         -82         -87
            2         251          34          49
            7         842         -15         -40          51          52
          -67         -70          97
            5         462          29          32          54         -69
          -78
            4         955          29         -50          62         -63
           11         252          15         -21         -33         -54
           56          57         -59          61          62         -64
          -69
            3         224          -7          28         -49
            7         288           1          20          35         -58
          -67          79          90
            4         421           6         -42         -92         100
            4          63           7         -35          53         -71
            4         469          28          45         -85          90
            6         325          10          24         -39         -55
          -63          91
            4         630          39         -43         -82          88
            2         672          -4         -11
            4         894          29          43         -54          65
            3         506          31         -77         -82
           10         672          12          19          28          30
           35          46         -60         -63          73          99
            4         406          -4         -31          39          48
            8         402         -10          15         -35         -66
          -75          86          87          94
            5         625         -26         -58          77         -82
           93
            5         318         -10          35         -52          93
           97
            4         170          33         -66         -79          98
            7         401           2          -8          11          29
          -31         -81         100
            3         297          16          78          88
            3         668         -29         -67          87
            6         574          49          50         -55         -69
           77         -79
            2         109          33          61
            6         709         -11          15         -37          41
          -73          84
            7         713         -33          56         -71         -76
          -80          93          98
            3         559         -34          58         -65
            6         618          31         -34          41          76
          -86         -97
            3         931          75          77          95
            5         645           3         -30          36          61
          -92
            2         908          50         100
            4         298           5         -86          89         -99
            5         643           8          15         -20          73
           74
            4         897         -32          72          78          93
            4         334         -31          34         -55         -72
            5         511         -45          64          69          78
          -90
            9         519         -15         -41          52          54
          -75         -77          86         -92         -96
            4         920         -15         -44          95         100
            3         903          25          53          80
            5         229          -2         -25          32         -38
           69
            3         956          26         -30         -92
            5         356         -27          58          61         -68
           74
            6         431          -7         -12         -18          77
           91          92
            7         303         -31          40         -43         -67
          -71          99         100
            9         383          -8         -14         -27          54
           56          73         -86          93         -94
            5         166          -1          39         -49          65
          -76
            6         409          -9         -13         -18         -48
           93         100
            9         706         -11         -25         -29         -33
           43         -62         -82          87         -94
            5         353           3         -14         -43          45
           85
            4         959         -13         -16          29          96
            6         989          25         -30          37          38
           73         -86
            8         901          12          14          27          28
           44          48         -54         -78
            8         807           7          20          23          25
          -39         -56          82         -92
            2         244         -19         -25
            6         715           8           9         -15          36
          -55         -96
            5         442           5          31         -44         -54
          -65
            3         972          18          24          67
            5         644         -33         -40          67         -88
           96
            5         466          24         -37         -60         -79
           92
            3         322          22          23         -34
            9         849          -1           8          35         -36
          -47         -62         -65         -86         -98
            6         626         -24         -29          35          36
           64          96
            5         742          44         -73          76         -85
          -88
            5         835         -33          38          67         -82
           86
            5         612          20         -42          51         -52
          -55
            2         452         -57          67
            7         644           8           9          20          28
          -36         -43         -82
            9         111          -4           8         -16          19
          -20          54          66          90         -91
            4         748         -20          36          54         -60
            4         329          39         -61         -65         -77
            4         852           1         -14          31          55
            2         302          -6          38
            5         946         -10         -12          18          66
          -97
            3         675          -7         -13          48
            6         765          -9          24         -35          74
           75         -84
            6         568          44          68          85          95
           96         -99
            5         411          38         -77          80         -86
           89
            6          83           4         -11          35          44
          -82          98
            2         404          88         -95
            6         180          -6          -9          30         -38
          -55          73
            6         851         -27          64         -68         -90
           93          99
            9          74          -2         -42          45         -57
           70         -75         -91          94         -97
            6         902          29          41         -63         -72
           83         -84
            4         403          21         -49          51          90
            2         976          39          94
            3         884         -29         -58         -84
            2         346         -77          92
            5         781         -10         -22          51         -57
          -99
            8         337          -4          10          17          44
          -48         -67         -76          96
            3         337         -44          52         -90
            3         876         -38          51          76
            5         361           5          20         -26         -36
           43
            4          10          15          51          61         -89
            3         712          68         -69         -91
            4         680         -30         -81         -92         -97
            5         962           1          19          71         -84
          -99
            9         300          -1          24          29          45
           47         -55         -73          76         -86
            5         564          26          31          46         -83
          -95
            5         658          44         -64          78         -80
         -100
            3         741          86         -87          99
           10         103           8          19         -21         -25
           52          68          70         -92          95          97
            4         675         -13          26          75         -80
            4         848         -18         -53         -92          96
            4         882         -38         -50          70         -80
            4         497          33         -69         -78          84
            8          95           1         -21         -30         -37
           41         -54          78          80
            5         464          -3         -20          23         -38
           88
            3         842         -13         -63         -92
            5         952         -14          34         -39          42
          -81
            8         606          -6          10          13         -15
          -24         -50         -61          72
            6         398           4          11         -60          65
          -78          96
            3         142           5          43          99
            5         549          -8          18          36          43
           44
            5         599           5         -38          41         -54
          -71
            4         856         -33          87          95          98
            8         851           3          17         -28          50
           69         -75         -92         -94
            3         228          78         -95        -100
            2         169         -11         -70
            7         958          -2         -28          43         -68
           86          89          95
            3         913          28          39         -73
            6         287           2           3          44         -58
           93         -95
            4         458          10          32          41          81
            3         716          42          83          98
            3         526         -31          97        -100
            2         970         -26         -30
            3         855          34          65         -82
            5         180         -16          38         -61         -65
          -77
           11         414           3           6           9         -12
          -56          58         -59          69         -73         -76
           80
            4          59          18         -29         -40          79
            3         283          19          37         -42
            7         701          -7         -46          51          55
          -67          69          73
            6          38         -10          27         -52          74
           78          90
            4          63          20          30         -39         -91
            4         865          16          20         -23         -71
            8         602          20         -35          46          52
           55          57         -71         -87
            5         223          -6         -25         -49         -54
          -67
            6         577          31          36         -39         -52
          -94         -99
            5         220          20         -22         -25         -46
          -69
            3         640           1         -11          58
            3         600           5          13          77
            3         659          51          52         -67
            4         993          19         -28          49          65
            6         307          10         -22          26          28
          -31          39
            3         895          20          26         -63
            2         556         -11         -85
            6         782          10          11         -52         -56
          -60          87
            4         976         -11          24         -89         -99
            8          63           7          41         -46         -63
           70          75         -80          90
            7         587          27         -29         -34          38
           44          55          64
            8         963         -16         -29          33          45
          -48          54         -60          80
            3         814          -5          81          98
            4          52         -12         -66         -86         -89
            5         997          -7          -9         -53         -83
          -92
            9         625           3         -26         -30          71
           82         -83         -93         -96          99
            4         466         -19          32         -66          81
            7         930         -10         -12          36          64
          -74         -82         -87
            4          86         -21         -24         -49          62
            3         727          25         -65          69
            4         961         -13          38          61          66
            2         717          19         -73
            4         335          19         -33         -48          53
            2         253          43          85
            3         899          -8         -20          37
            5         430          37         -43          65          66
          -78
            9         493          -7           9         -29          33
          -48          62          65          67          99
            5         972         -31          51          71          74
           75
            4         145          -5          25         -39          61
            3         194         -16          48          59
            3         706         -32         -64          67
            5         249          -4           7          27          28
           80
            6          25          -1          37          56          58
           60          95
            2         853          54          59
            4         622          -4         -32         -45         -55
            4         141          15          26          83         -92
            3         478         -14          20         -56
            6         359          10          29          30         -65
           74          84
            7         194          -6          17         -22         -41
           43          48         -54
            3         731          51         -53         -86
            5         526          33          35         -50          52
           88
            3         263         -58         -80         -90
            4         261           9         -53         -76         -91
            3         747         -35         -48          70
            9         748          11         -12         -26          36
          -67         -69         -92          94         -95
            5         314          12          21         -33         -37
           73
            4         157           6          -9         -54          85
            4         892           7          18          21          50
            3          51          -4          -9          96
            3         115          75         -89          93
           10         478          14          15         -31          35
           37          58         -65         -74         -91         -96
            3         742           6          43          58
            6         781         -24         -49          60          61
          -76         -79
            5         269          38          41          63         -78
          -87
            4         320          38         -59          71         -72
           11         799          24         -30         -42         -63
           65          66         -68          70          71         -73
          -78
            3         565         -16          37         -58
            9         493          -1           9          10          29
           44         -67         -76          88          99
            2         241          15         -51
            4         700          16         -44          62         -80
            4         457          37          54         -94          99
            6         912          19          33         -48         -64
          -72         100
            4         584          48         -52         -91          97
            2         208         -13         -20
            4         309          38          52         -63          74
            4         767           8          40         -86         -91
            9         970          21          28          37          39
           44          55         -69         -72          82
            5         574           3         -13         -40          48
           57
            8         717           2         -19          24         -44
          -75         -84          95          96
            6         379           2           6         -35         -67
           86         -91
            4          47           7         -19          44         -61
            4         802           9          42         -75         -88
            6         427          11         -17          20          38
          -40         -90
            3          30          25          87          97
            3         435         -38         -76          96
            6         806          58          59         -64         -78
           86         -88
            2         743          42          70
            8         693           2           7         -20          24
          -46          50         -82          93
            5         460         -42          65         -80         -85
          -89
            4         661          -6         -43          67         -74
            6         997           4          40         -43          50
           85         -95
            3          84          -1          84          86
            5         370           9          12         -39          45
           70
            2         376          -8          59
            3         576          14         -95          98
            6         174           2          17          24         -29
           82          83
            3         203         -41          81          87
            4         674         -40          43         -64         -81
            7         721          -1          -5         -54          73
           78          87         -99
            9         804           4           9         -24         -50
           61          63         -84         -86          95
            2         952         -24         -53
            3         699          34          62          89
            6         489          -1         -11         -34          41
          -47          78
            2         461          35         -39
            6         459           1         -36          67          70
          -77          83
            7         377           8           9         -16         -21
          -27          86         100
            7         795           2          -3         -40          49
          -52         -76         -80
            7         627         -17         -23         -36          63
           65          82         -95
            7         365           2           9         -10          48
          -58          74         -85
