          100         850
            3         114           8          80          97
            7         335         -13         -26          29          57
          -61         -69         -76
            2         193         -57         -82
            7         995         -13          28          42         -46
          -54          74          79
            7         687         -26         -28         -52          64
          -69         -92         -98
            6         200          21          37         -75         -77
           93         -99
            3          94         -69         -72          90
            6         153           5          59         -71         -85
          -94         -97
            5         709          14          15          27         -40
          -71
            4          17          -7          44          53         -79
            3         945         -19         -36          82
            3         940          38         -61         -80
            7         475          -3          25         -27         -49
           60         -79          89
            6         505         -15          39          43          44
           48          77
            5         695         -12          65          75          79
           80
            4         582          53         -64         -88         -92
            5           5          12          18          42         -57
          -75
            2         518          28          91
            3         610         -35         -38          46
            8         471         -12          19          44          52
           61         -62          86         -92
            3         631         -25         -63         -96
            3         320         -27         -35         -71
            6         283         -11          29          47         -49
          -68         -83
            2         785          33          86
            5         907           3           9         -34          41
          -59
            3         297         -49         -58         -98
            5         613          48          54          57         -87
          100
            5         774         -44          64          83          84
          -96
            3         243         -14          46         -83
            4         162         -28         -63         -76          87
            2         535          43         100
            2         233         -54         -89
            4         571           3          51         -69          75
            5         467          30          33          38         -67
          -76
            4         845          -8         -20         -55         -88
            6         570          -2          -9         -48          52
          -69         -84
            6          46          -3           6         -13         -41
           52         -67
            3         588          15         -25          81
            5          86          24         -67          71         -83
          -87
            7         807         -13          33          44         -45
           72          80         -98
            2         747         -43          87
            6         560         -19          28          29         -50
          -60         -98
            8          31          30         -35          45         -46
           52          65         -84         -99
            9         829           1          -5          16         -53
          -67          70          71          91          93
            6         667          19          63          68         -70
           83         -84
            4         262         -55          59         -82         -88
            8           6           1          13         -18          22
           39          49         -56         -59
            6         810           1         -12          21          26
          -47          99
            2         964          41         -57
            5         516          -3         -42          67         -69
          -97
            6         357         -15          46         -53          77
          -81          89
            7          55         -30          32          33         -39
          -54         -68         -76
            6         335          28         -41          45          54
           80         -86
            6         122          -3           7         -27          40
           69         -89
            3         904          36         -47          89
            4         111         -40         -63          73          78
            6         180         -24          41          42         -64
           68          91
            9          96           6          -8          25         -34
           36          40         -69         -87          95
            4          97           2         -18          50         -60
            7         430          24          25          37         -51
          -68          82         -88
            2         240          -9          60
            5         687          13          19         -71         -79
          -83
            8         347          -9          19         -26          57
           58         -68         -74          82
            2         214          61         -69
            5         357          12         -54         -67          81
          -94
            4         199          14          15         -85          97
            6         284         -10         -17         -48         -67
          -83          94
            5         973         -32         -37         -43          67
         -100
            5         296          -3          32          59         -87
          -90
            2         325         -46         -64
            3         417         -16         -39          75
            5         765         -38         -41         -82          92
          -93
            6         364          12          29         -42         -65
          -67         -70
            4         624          17          52         -75        -100
            3         327           8         -23         -31
            4         838         -58         -66          88          97
            5         529          -7          35         -54         -78
           97
            5         726           3          16          52          82
           89
            8         613          -8         -14         -21          70
          -71         -79         -90         -97
            5         998         -36          48         -72         -86
           92
           10         499          -9         -15          38         -48
          -57          67         -78          83          84         -91
            7         777           5         -21          48         -56
           90         -98         100
            6         296           1          18          44          46
          -78          90
            4         620         -22         -48          59         -65
            4         594          -7         -14         -43          54
            7         353          -2          41          58          64
           72          73         100
            8         356           4          16          41         -55
           75         -77          83          97
            6         965          14         -16          55          61
           83          94
            2         627          21         -72
            4         387           7          12          42         -56
            9         851           1          -3         -20         -28
          -33         -50          57         -58          94
            5         201         -10          19         -50          71
          -90
            4         468          -4         -26          76         -95
            7         413          17         -38         -62          65
          -66         -85         -91
            4         259          -9         -34          52          93
            4         868         -33         -62          67         -84
            5         221         -36          46          90         -96
         -100
            9         715          13         -33          48          53
          -69         -72          77          88          90
            5         933           9         -13          40         -56
          -75
            6         962          26          50          53         -62
          -70         -75
            4         611         -22         -26          59         -93
            9         158          -9          15          38          42
          -43          58         -60          68         -75
            2         628          33          47
            5         659           2          -6          25          37
          -65
            5         548           5         -23          28         -33
           89
            5         371          -6          16         -61          86
          -93
            2         349         -11          94
            4         547         -58          65          66         -71
            4         992         -17         -32         -41          46
            5         131          -5         -35         -39          70
           83
            5         361         -24         -26         -41          44
           88
            4         765         -19         -26         -88          92
            2         194          12          13
            3          11          35          40          41
            7         934          -2          49          50         -64
           81         -88         -96
            6         538         -22          30          55         -60
           74          93
            2         391         -32         -85
            6         122          -3           6         -38         -43
           93         -94
            6         406           9         -10          35          48
          -59         -86
            8         492          -6         -16          34          58
           90          92         -94         -96
            4         482          -5         -31         -40         -80
            7          75         -21          24         -40         -43
          -45         -67         -90
            3         896         -36         -38         -59
            4         596         -36          51         -57         -99
            5         626           8         -14         -19         -59
           62
            7        1000         -10         -37         -46         -61
          -74          76         -77
            3         209          95          97        -100
            3         158          -4          29          30
            3          77         -56         -63         -99
            6         993          -9          31          49         -71
          -91          99
            5         366          38         -42          69          78
          -81
            3         498          54          61         -68
            3         617         -22         -66         -83
            3         160           3         -20          79
            4         356          43          46         -52         -66
            5         229          23          31         -47          62
          -87
            5         579          40          61          71         -72
          -90
            6          59          16          17          52          84
           87         -89
            5         976         -15          24         -46         -65
          -92
            8         274           2          14         -20         -32
          -47         -55         -71          97
            4         915         -32          71          76         -89
            5         339          -9          19         -24          40
           73
            5          14         -23         -33          42          43
           94
            6          70         -20          34         -40          44
          -70          92
            3         360          28         -92         -94
            4         417          16         -41          44         -78
            2         481         -42         -61
            3         209         -11          31         -39
            7         382         -10          12          18          44
          -58         -70          93
            4         417          -1         -22         -65         -86
            6         707         -41         -46         -76          92
          -96          99
            6         650          -8          14         -28         -37
          -93          95
            2         444          54         -98
            5         644         -21         -25         -39         -43
           71
            4         732          -6         -22         -83         -97
           12         302         -20         -30          32          37
          -46         -52          60          65          75          76
           90          97
            5         410         -27          71         -77          89
          -90
            6         162           7         -38          57          65
          -68         -98
            5         809          39         -53         -71         -76
          -88
            4         512          12         -15         -22         -35
            6         523           5          23          66         -76
           88          95
            6          64           5         -17          21          24
          -62         -75
           11         216           1          10         -22         -27
           30          32         -40          45         -86          93
          -98
            7         794           3         -12          39          52
           57          90         -99
            8         328          14          44         -62         -70
           72          83          96         -99
            5         747          25          34         -74         -80
          -84
            4         729         -28         -59          73         -76
            4         821          10          27         -49         -91
            3         379          -7         -49          56
            6         930          13         -19          49          72
           75         -91
            6          35           8         -26         -68          73
          -77          81
            5         946         -13         -49         -54         -66
          -99
            5         973           6          32          37         -45
          -61
            5         772          16         -30         -33         -47
           56
            4         234          28         -36          71        -100
            6         904         -28         -37          45          63
           64         -95
            8         742         -22         -32         -36          44
          -49          67          71          83
            3         665         -35          53          79
            2         139          14         -40
            7         423          -6          16         -23         -35
          -43          69          90
            7         869          -2           9         -12         -34
          -58         -67          84
            5         498         -21          44          63         -73
           88
            5         848           9          25          72         -89
           99
            2          20          22         -53
            9          87          -4          -6          33         -35
          -42         -48          56         -73          94
            7         279           3           5         -16         -45
          -61          78         -80
            5         619           2          13          35          67
          100
            8         818          -9         -12          34          63
           73         -76          86          93
            5         161         -52          55          66          88
           93
            9          17          -7          22         -41         -43
          -61         -70         -82          89          92
            6         300         -17          39          67         -68
           81         -86
            6         593          -4         -13          20          31
           67          75
            6         910           1          -2         -28          54
           66          94
            4         418         -27          37         -41         -88
            8         510          -3           6          -8         -18
          -35         -38          61          83
            7         607          26         -31         -54         -56
          -81          94          95
            6         163         -10          19         -23          72
           79         -99
            5          82         -30         -38          66          79
          -87
            6         626          14          51          73          75
           80          89
            2         120          -3         -44
            6         536           2          -7          45          48
           53         -56
            5         498         -10         -34         -62          68
           70
            7         273          -2         -17         -23          39
           40          51          57
            6         979          -6         -23          40         -75
           86         -92
            3         662          -5         -26          88
            7         665         -11         -27         -41          47
           48         -80          99
            3         488         -11         -57         -81
            5         875          14         -28         -33          75
         -100
            5         265          21         -22         -52         -70
         -100
            4         105          -8         -23         -51         -55
            6          70          36          43          59          75
           76         -78
            2         621          73          88
            9         879          -6         -13         -21          23
          -26         -48          61          64         -97
            7         604         -20         -23         -26         -30
           38         -88         -92
            2          79          14          42
            9         147          -1         -13         -27         -31
           40          51         -52          73         -97
            9         290         -24         -30          34         -38
          -56         -60          75          84         -93
            3         285          49         -64         -94
            7          35         -14         -20         -37         -58
          -62          91          92
            4         969         -21         -56          77          94
            3         288          24          25          46
            4         125          -2         -34         -39         -56
            9         602         -19         -21          27         -30
          -63          83          89          98         -99
            6         411           6          12          22         -58
           77          86
            8         740         -14         -23         -31         -41
          -52          72          73          81
            5         142           5         -37          67          85
           88
            4          16          -4         -46         -57         -92
           10         945          63         -67          77         -78
          -81          83         -84          90         -92          98
            5         982          31         -37          48          53
           94
            6          69         -12          27          29         -69
          -72         -85
            4         187         -53          73         -79          95
            3         934         -23          25         -50
            5         587          13         -17          34          48
           49
            5         789         -14         -45         -49          53
           94
            4         259         -41          51         -57         -62
            8         865         -23          38          41          43
          -62         -74          76         -77
            2         851          39          40
            3         772          -1         -52         -55
            9          68           4          15         -18          20
          -37          43          67         -68          78
           14         569          -4          10         -18          23
          -33         -37         -44          50          53          54
           56         -62         -79          91
            7         994           7         -21          31          59
           78          79          86
            2         342         -85         -93
            4          49          21         -35         -42          90
            9         285          25         -30         -43          56
           62          63         -65         -67          98
            6          42          -2           6          19          64
           92          94
            7         331           4          25          26          55
           70         -81          94
            7         496          -5         -46         -50          73
           74         -86          90
            5         364          -6          -9          12          44
          -47
            3         464           6         -72          93
            7         216           4          38         -50          53
           56         -63          72
            5         663          20          21         -34          67
           80
            4         331          32         -34          56          60
            3         818          -4         -53         -68
            5         175          37         -53         -57         -85
           94
            3         268          -8         -17         -41
            2         822          73         -90
            6         126          23          27         -45          54
          -74         -96
            6         417           5           7          29         -30
          -34         -53
            3         913         -78          85          89
            5         204         -13         -31          51          74
          -79
            6         274          46          54         -61          67
           80          88
            7         976         -13         -18          26         -36
          -41         -87          94
            4         272         -10          37          49          64
           10         237         -10         -28         -33          37
           41          42          44          46         -57         -77
            8          75           6           7          21          22
           44         -51         -71         -84
            6          26         -15         -51          62          67
          -73         -86
            7         302           8          11         -16          25
          -53         -79         -99
            9         850           2          -3          -9          21
          -33          36          43          56          88
            5         497         -14         -18         -31          80
          -90
            6         664          -8         -12         -28          50
           51          95
            4          63          72          84          87          95
            5         115          -5          41         -68         -81
           95
            3         858          27         -51          91
            6         250          11          12         -24         -41
           49         -98
            2         317           5         -37
            8         745           1          14         -21          37
           52          53          68          86
            3         549          19         -33         -75
            6         389          -5         -14          20         -21
          -43         -57
            8         574          17          42          50         -51
           72          73          80          88
            3         372          18         -64         -77
            5         412          12         -15         -44          54
           83
            5         393          14          59         -60          72
           80
            2         628          59          62
            9         649           1          -5         -10          33
          -64         -68          71         -86         -99
            3         891           4          35         -83
            6         865          36          38         -55         -64
           67         -77
            7         970         -11          28         -44          54
          -63          85         -95
            4         195           2          64          95          99
            9         331         -23         -39          45          47
          -72          76         -79          85         100
            7         877         -20         -25         -29         -60
           63         -66          79
            9         602           3           4          34         -39
           63          71          81         -82         -92
            3         577         -16          44         -98
            4         979         -51         -67          73         -82
            3         795         -58         -72          81
           12          16          -4          27          28         -30
          -32         -40          43         -49         -72          89
          -95         100
            5         194          11          24          51          58
           93
            5          94          32         -46         -69         -81
          -88
            5         344          -9          49         -87         -91
           98
            7         669          -4          52         -54          63
          -64          89         -96
            7         645         -11         -39         -43         -48
          -50          69          83
            7         256          11          30          45          60
           86          88          99
            5         665          13          15          33          44
          -91
            3         243         -22          35          91
            7         709          -3         -10         -13         -24
           27          29         -36
            2          36         -14         -72
            6          91          -8          12          29          32
          -34         -77
            7         312          26         -54         -62         -77
           87          88          90
            7         347          17          23          34          39
           73         -84          92
            4         999         -30          34         -40         -66
            8          90           8          18          46          53
          -77         -83          89          95
            7         858          11          24         -41          61
           69          87          89
            4         811           1          29         -58          87
            5         618          25         -48         -51          62
          -98
            8         595           4         -17         -63          73
          -75          86         -87        -100
            7         255         -14          39          48         -62
           65         -69         -75
            4         845          -3          -9         -52          95
            4         364          47         -55         -65         -82
            4         844          -7         -25         -32         -85
            4         283          -6         -27         -65         -78
            4         799          48         -51          57         -66
            9         556           2           5           7          12
           23         -36         -74          83         -99
            5         219          -7         -79         -92          95
           97
            4         824          15          18          49         -94
            4         298          17          48          73          74
            3         834          45         -60          94
            5         561           1          -6         -19         -49
          -61
            4         805           1         -17         -22          37
            9         752           5          -9         -15          30
           35          47          50          54         -89
            5          87          27         -38         -43         -49
          -66
            3         335          24         -66         -74
            4         804          36          62         -65          74
            2         465          47         -48
            8         147           3         -12          28          44
           45          52          54          69
            6         252         -20         -31         -47          50
           71          94
            5         457          -1          -5         -27          46
          -93
            4         817         -48         -60          93          95
            7         403          -2         -50          65          69
          -89         -96          98
            2         145         -46         -87
            4         712         -22         -51          54          58
            7         270          16         -17         -56         -61
          -85          94          95
            6         393         -27         -53         -57         -90
          -94         -99
            7         645          -4         -49         -54         -60
           82          90         -91
            5         335           5          -8         -43         -51
           98
            5         987         -17         -24         -29          48
           86
            3          33         -34          44         -73
            6         207           9         -11         -56          63
           93        -100
            6         743          -8         -11          16          57
           59          86
            6         983          -7          53          82          83
          -94         -97
            5         546           1          -2         -40          89
           98
            7         688          13         -76          81          82
           88          94         -98
            5         753          12         -35         -50         -68
          -95
            5         646          50         -66          78          89
          -94
            8         287         -14         -19         -39          52
           59          64          65         -82
            9         326          -2           7          10          36
           54         -64          71         -74         -89
            8         708          -7          17          26         -29
          -49          61         -71         -96
            6         501          -6          40          66         -73
          -78          94
            2         239          19         -91
            4          85          59          87         -92         -99
            3         288         -42         -51        -100
            8         606           3          -4           9          45
          -46         -70         -79         -81
            3         281         -53          69          87
            7         669          -8          29         -43          60
           62          86          89
            5         903         -50          74          76         -78
           95
            7         943           4          12         -22         -24
           38         -83         -85
            4         429         -53          57         -90          98
            6         802           5          24          59         -87
           95         100
            6         864         -15         -35          53          59
           75          94
            4         373          25         -36         -47         -51
            9         197          -3           6         -30         -39
          -43         -58          84          85         -96
            6         194           9         -17          35         -36
          -49         -99
            5          84         -52          69         -94         -97
          100
            4         388          14         -47         -50         -74
            5         177          -3          24          65         -77
          -85
           13         622          -5           8         -10         -28
           40          41          45         -70         -74          89
          -93         -95         -99
            4         367          48         -55          82          87
            6         194           7         -10         -35          47
          -65         -96
            7         810         -50         -55         -64          66
          -87          99         100
            6         819          -6         -22          28          34
          -49         -85
            4         284          24          34         -47          51
            4         477         -32         -37          64         -87
            4         911          22          50          56         -83
            3          67         -30          45          80
            5         451          11          18         -42          83
          -98
            4         696          35          73         -85         -96
            7         482          -5         -27          37         -58
           69          89          94
            4         564           8         -24         -49         -90
            6          87           5          -7         -48          52
          -55          90
            6         639          -4          11          27          32
          -62          87
            5          49         -35         -39          70         -71
          -80
            3         223          -9          16          38
            3         626          -7         -39         -92
            4         117          25          31         -58          83
            3         370         -29          77          78
            8         263          18         -23          27         -29
           48          60         -69          75
            4         129         -38         -51          65          97
            4         693          11          22          83          89
            4         504          42          44          65         -95
            3         677         -38          45          99
            2         871         -36         -67
            5         207         -18          33          38          85
           94
            4         133         -43         -61          68         -95
            3         197          -5         -33         -46
            7          59         -10          18          19          30
           34         -41         -55
            8          68           5          -6          -9         -18
          -46          58          69         -97
            6          87          20         -35          44         -76
           85          86
            5         290           8         -24          72          91
          100
            3         501          46          54          79
            6         988          -8         -26          42         -68
          -81         -98
            2         128          26          76
            3         924         -38         -75         -93
            4         841          -4         -32          37         -45
            4         371          17          31          42          86
            5         740          14          16          43         -58
          -96
            4         465          51         -53         -71         -87
            4         211          31          32         -66         -85
            5         329         -17         -30         -69          73
          -78
            4         486           1          14         -17         -75
            3         119         -28          82          91
            7         932          10          53         -56         -77
          -85         -97        -100
            7         267           6          39         -40         -43
           52         -65          97
            4         752         -28         -39         -50         -92
            8         644         -26          50         -56         -59
           76         -78          96          98
            3         170          41          49          85
            6         412         -28          46          53          58
           86          87
            7         633          -5         -12         -20          39
           40          47          89
            6         265          40          48         -69         -75
          -84          98
            5         731           4          21          32         -47
          -81
            5          11          -1          22         -23          84
          -96
            7         794           1          44         -47          53
          -60         -66         -95
            6          97          20         -32         -36         -42
           53          83
            5          87         -25          42          64          72
           90
            5         570         -26         -66          71         -79
          -99
            3         381          12          40          43
            5         394           5           7         -18          44
          -78
            3         693         -47          85          88
            6         505          -4         -22          29          78
           95         100
            5         864          28         -64          70          73
          -81
            4           9          44         -56         -68          88
            6         987         -23          25         -29         -41
          -77          83
            4         450           4          24         -49          81
            8         276          -1         -34         -39          67
           79          84          85          99
            5         596          35         -56          62          94
          -97
            7         374         -20          41          46          68
           79          89         100
            6         564         -11          28          29         -38
           63         -68
            4         716         -51         -55          73         -79
            5         984         -34         -52         -85         -90
          100
            6         997          31          56          72          79
           89         -90
            7         654          -2         -32         -37          71
           86         -97        -100
            7         413          -1          36          37          45
          -51         -78          83
            4         505         -14          60         -90         -98
            9         704          20          31          64          70
          -72         -77          89          92         100
            7         987          -2          22         -33          41
          -71         -82         -98
            5         332           6          14          44          64
          -80
            5         648         -20         -39         -80          85
           98
            6         101           5           6          55         -65
          -74          94
            5         281         -39          61          69          92
           93
            5         106          19         -65         -71          77
          -80
            4          91          57         -61          67          72
           10         703         -23          26         -38         -40
           54          90          93          94         -96          98
            4         111          -6          44         -65         -72
            6         776           8          30          78         -79
          -88          95
            5         742           2           9         -18          49
          -64
            3         525         -17         -20         -62
            4         430          22          46         -49          71
            5         929          18         -46          72          96
           99
            5         284           3          -4         -81         -88
          -98
            6         731          -1         -24          29          42
           79         -90
            6         599         -33         -52          61         -62
          -85         -92
            8         299          20         -39          64          75
           82         -88         -94         -99
            5          33          20          38         -54          58
          -76
            6         545          27         -32         -45          67
          -82          92
            3         753         -12         -25         -77
            4         437          -6         -38          44         -49
            3         226         -19          28         -57
            4         613          -5         -41          77         -86
            3         669         -23          40          96
            6         849           1          10         -30          36
          -77        -100
            5         600          40          41          64          84
          -89
            3          92         -42         -47          74
            5         608          20          23          30          70
           93
            2         215          24         -79
            6         449           6           7          15          55
          -76          96
            5         559          -2          15         -47          56
          -71
            4         413         -11          16         -48          94
            8         544          -5          11         -14          25
           26         -53         -56         -99
            8         862          15         -19          25          64
          -67         -74         -93         -99
            3         162          24          67         -71
            4         174          32          40         -62          78
            4         974           7         -45          85         -97
            6         565           5          27         -49          71
          -81          94
            4         440          12         -21         -44         -60
            2         686         -20          56
            2         610          17         -53
            5         443          12         -37          41          51
          -83
            9         705         -19          26          31          41
           74          76          85          91         -97
           10         294           2           7         -10         -26
           36          45         -49         -77          81          97
            9         640           2          -3          12          29
          -60          69         -72          76          95
            4         398         -65          96         -97        -100
            7         116          -1          11         -37         -54
          -67          69          72
            6         572          -5         -11         -23         -75
          -92         -99
            3         433          -9         -27          38
            5         124         -36          49         -53         -66
         -100
            8         548          -7          16          18         -23
          -63          81          91         -92
            4         939         -19         -50         -69          72
            3         785          14          22         -25
            4         601          43          51          52         -65
            7         886          -7         -14         -24          32
           42          70          79
            2         739         -23          40
            7         471          37          40         -57          63
          -64         -73          86
            7         911          12         -13          25          42
          -43         -54          85
            5         252           1          22         -23          27
          -42
            6         380          42          45          52          61
           69         -91
            7         210           5         -58         -62          65
           73          95         -97
            3         944          16         -25          96
            5         661         -20         -22         -37          43
          -79
            6          39         -13         -33         -50          63
           88         -92
            5         922          -1          41         -46          69
          -81
            2          64          31          45
            8         637          -4          21          38          43
           56         -71          79          81
            7         540          -9         -26         -78          82
           84         -90         -94
            3         245         -11          32         -70
            6         733          -9         -21          43         -90
          -93         -99
            5         693           3           8         -40         -65
          -99
            4         258         -53          60          81          85
            3         834          21         -41         -70
            4         634           4          -6          58         -66
            5         636         -70          79          83          84
           89
            7         477          15          18          19          31
           71         -80         -83
            2         511         -20         -65
            7         711         -17         -54         -61         -70
           74          83          98
            5         359         -50         -53         -56         -60
          -78
            7         593         -22          43         -65         -76
          -82          92         -98
            7         710         -19         -43         -50         -62
          -69         -81         -84
           10         799          14          34          39         -40
           64          87         -89          93         -97        -100
            6         803         -14          22         -38         -71
          -93          95
            8         775          -9          37         -47         -60
           66          81          86         -92
            4         577          -1         -23         -36         -70
            7         293         -33          45         -51          78
          -79          88          94
            8         744          18          31         -34         -69
           77         -78         -84          91
            7         614           3         -35         -42          50
          -67         -74         -83
            8         467         -20          35         -50          65
           79          82         -83         -87
            6          12          18         -30          37          70
           73         -94
            4         374          -9         -18          96         -98
           10         147           5           7          14         -29
           33          42          43          50          56         -65
            2         853          14          21
            6         768         -13         -20         -44         -59
           77          79
            8         281           8          22          44         -45
           59         -90          93         -95
            6          60         -11         -34          40          67
           69         -74
            6         614           5          16         -39          58
          -79          89
            9         116          23          25          36         -61
           79          80         -89         -94         -96
            7         252           7          29         -56         -73
          -78         -85          89
            5         298         -40          72         -73          77
           82
            5         651          15          34         -53          60
          100
            6         168           1          18          20          51
           56         -79
            4         295          48          50         -92          96
            6         942           3          -8         -35         -82
          -88          99
            3         802         -44         -59          74
            7           1          22          23          31         -43
           52         -66         -97
            5         290           2           9         -10         -17
          -79
            6         170           2           6         -21          24
           36         -84
            2         226          44         -78
            4         658          14         -46          57         -60
            3          59           3         -23         -89
            8         236          16         -19          21          23
          -30         -63         -68          99
           10         774          -9         -14          24         -31
          -38         -42         -53          56         -59         -69
            4         477          56          59         -69          98
            5         838           5           8          66         -67
          -97
            2          83         -54          77
            4         164         -40          55          66         -88
            6         407          56         -57          69          87
           98        -100
            6         830         -14         -37          55          73
          -76         -85
            3         113          24          26          66
            7         255         -30          38         -42         -69
          -74          88         -95
            7         189         -28         -45          61          65
           66          88          94
            3         572         -19          21          62
            3         408         -42          69         -76
            3         318         -26         -61          92
            4           1           7          67         -68          78
            5         125           9         -15          20          28
           41
            3         775          77         -85         -93
           10         439          13          42          47         -63
           68          78          79          91          92          99
            6         650           9          10          14         -38
           68          84
            3          23         -25          55          80
            9         868         -23          52         -57          62
           66         -67         -84         -94          98
            5         370          -8          16          17         -32
           52
            8         703          10          28          31          48
          -59         -64         -72         -83
            4         824         -13         -19          49         -79
            4         982          46         -56         -81         -83
            4          85         -18          26          64          89
            6         957           4           5          15         -54
          -87          97
            5          43          27         -51         -77         -86
           89
            5          98          -1          13          25          56
          -63
            4         653          35         -38          84         -87
            7         232          -3         -40         -60          71
           72         -80         -96
            2         686         -45          83
            5         218          53          65          71          86
          -94
            4         368          -5          10          36          65
            3         588          31          60          90
            7         579         -21         -26          61          66
           67         -93          99
           10         716         -14          22         -26          44
           46          59          61          66         -77         -79
            3          39          38         -80          97
            7         560          36          49         -54         -64
           79         -80          90
            3         234          -2         -44          97
            6         322         -23          34         -48          52
          -55          87
            6         535          -1         -29         -71         -77
          -80          98
            4         388         -12          15         -67         -86
            5         373          -2           9          21          43
          100
            6         415           5         -19          28          30
          -75         -78
            5         193           3          12         -29         -57
           76
            3         109          48         -68          73
            4         267         -28         -71         -82          87
            5         251           1         -42         -56          63
          -69
            7         842          -7          11         -17          51
          -57          78          85
            2         462         -25         -80
            5         955          16         -49         -54          57
           95
           11         252           8         -17          21          23
           46          47          64          72         -75          81
           82
            2         224         -81         -99
            5         288          -4          -9          64          67
           93
            3         421         -17         -34         -85
            5          63          13          42         -73         -75
           80
            5         469         -18         -25         -69         -78
          -97
            7         325          10         -24         -30          45
           50          65         -91
            3         630         -31         -53         -83
            6         672           7           8         -21          24
           30          44
           10         894          21         -44         -54          56
           68          82          83          86         -92         -98
            5         506         -36          40          47          68
          -69
            4         672         -28         -65         -74          76
            3         406          -4          25          99
            2         402         -90         -99
            6         625          15         -31         -40         -57
          -77          91
            5         318          -5          11         -15         -69
          -80
            5         170          13         -28          55          60
           89
            6         401           2         -11          27          40
          -42          84
            2         297          28          72
            5         668          11         -15         -43         -97
          -99
            5         574          20         -29          34          36
          -56
            8         109          12         -19         -38         -45
           53         -61          80         100
            5         709         -18          31         -43          62
          -65
            6         713           1         -13         -48         -54
           79         -90
            4         559          44         -48         -90          96
           10         618           5         -30         -39         -45
          -50         -56          66         -75         -81          97
            8         931          19         -27          36         -55
          -66          73         -80         -92
            5         645          -9         -21          27          29
          -78
            3         908          48         -71          96
            5         298           7          27          28         -64
          100
            5         643          24          39          47         -51
          -66
            6         897         -16          40         -69          80
          -87         -93
            2         334          14         -95
            4         511         -22          32          41         -94
            5         519           3          19         -20          23
          -88
            4         920          12         -56         -58         -68
            8         903          32          42         -44         -52
           63         -70          91         -98
            6         229         -17         -19          22          65
           68         -80
            6         956          27          28         -33          60
          -61          99
            5         356         -15          21          33          72
           95
            3         431          -8         -40         100
            5         303          10          28          78         -81
          -98
            3         383           7          18          47
            5         166         -15         -20         -35         -73
          -96
            2         409         -53          84
            4         706           2          41         -67         -79
            5         353          14         -18          24          25
          -44
            5         959          10         -24          38         -41
           89
            7         989           2         -42         -49         -55
           67          70         -76
            3         901          -9          69         -97
            4         807           3          55         -84          90
            4         244         -15         -18         -37         -68
            5         715          -2          -4          12         -42
           95
            2         442         -14          52
            4         972          -5         -50          62         -91
            3         644         -14          23         -76
            7         466          68         -69         -75         -78
          -81          99         100
            3         322         -15          44          74
            2         849         -54         -63
            3         626         -32         -36          92
            9         742           6          26          37         -40
           47         -52         -57          83        -100
            6         835         -29         -50         -61         -65
           73          74
            4         612           4          -5          10         -85
            4         452          27         -38          44         -45
            6         644          -1          19         -36          64
           68         -81
            3         111         -29          33          70
            5         748           8         -11         -17          49
           96
            4         329         -37          52         -70         -90
            7         852          -3          15         -26         -34
           69          77         -85
            4         302          51         -56          66          94
            3         946         -27          40         -69
            4         675         -31          60         -61         -77
            4         765          64         -78          98         100
            4         568           3          33          52         -91
            5         411          -7         -12          38         -64
          -69
            6          83          -1         -15         -50         -64
          -68         -81
            4         404         -16         -21          74         -80
            4         180          -2         -25          35          92
            3         851         -29          66          79
            6          74          26          37          39          83
           91          98
            7         902         -13         -44         -56          64
           67         -70         -97
            6         403          -6          15         -18         -28
          -32          52
            4         976          50         -82         -95         -99
            6         884          17         -33          53          62
           96          97
            5         346          31          32         -64          83
           85
            5         781         -13         -16         -31         -39
          -47
            7         337           1         -10          17         -25
           61         -70          86
            3         337         -56         -59         -69
            4         876          -9          67         -68          76
            7         361          -1          -5         -48          58
           85         -87          90
            4          10          -4         -18         -82         -97
            3         712          20          40         -55
            3         680          -5         -43          52
            2         962         -52         -95
            3         300          -5          49          57
            4         564           2          -3         -81          87
            5         658          25         -69         -89         -92
           98
            5         741          14          22         -35          66
           69
            3         103          45         -46         -84
            6         675          39         -53          73          80
           82          97
            4         848         -36         -78          94        -100
            7         882          25          29          32         -36
           45          49         -86
            4         497          20         -41         -65          85
            2          95          55          99
            5         464          32         -43         -61         -71
          -94
            4         842          -5          22         -28         -77
            4         952          -8         -65         -81         -96
           11         606          13          28          35         -36
          -59          66          70          76          77          93
          -98
            5         398          14         -34         -60         -78
          -92
            3         142         -31         -61          94
            5         549         -10          25         -49         -77
          -92
            6         599         -15          23          50         -66
          -81         -93
            3         856         -32         -81          86
            4         851          43          83         -93         -97
            6         228         -12         -49         -72          79
           89         -99
            4         169          10          49         -54         -87
            7         958          -5         -39          44          46
           54         -76         -99
            5         913         -17         -27         -40          89
           90
            4         287          -5          18          68         -96
            7         458          -4         -25          40          50
          -52          62          83
            8         716         -36         -52          61          69
           70         -76         -88        -100
            8         526          30         -39          53         -61
           69          90          94         -95
            9         970          12          17          22         -56
          -60          83          86         -92        -100
            8         855           2          25          29          45
           58          59          88         -96
            7         180         -36         -45          55         -56
           61          80        -100
            8         414         -17         -19          34          41
           54          66         -82         -92
            6          59           6         -10          22          48
          -49         -96
            3         283         -36         -48          67
            5         701          -8          17         -33         -44
          -95
            5          38         -19         -25          44         -64
          -94
            7          63          25          34          52          58
          -61          69         -94
            2         865          46         -81
            7         602          18         -29          52         -62
          -76          84         -85
           10         223           3          -6           8         -43
          -51         -69          83         -88         -91         -96
            7         577          -4         -16          19          36
          -48          77         100
            4         220         -10         -29         -59          61
            4         640          -9         -41          65         -81
            6         600          15          42          43          63
           64          78
            7         659           2          26         -30         -43
           66          76         -99
            4         993           6          11          24         -95
            9         307         -20          36          39          45
           51          57          70          78         -97
            4         895         -39         -56         -65         -68
            6         556           5         -33         -55         -68
          -91         100
            4         782         -38          61         -83          88
            6         976           2           8         -28         -51
           67         -86
            4          63          26         -30         -78         -84
            5         587           7          32         -71         -84
          -91
            7         963           9          24          29         -35
           47          56         -63
            3         814         -10         -45          93
            4          52         -35          38         -73          89
            7         997          -4          -9          46          63
          -74         -77         -85
            5         625         -29          32         -41         -43
           83
            8         466           9         -15          35          38
          -53          69          71          78
            3         930         -25         -57         -89
           10          86           2          -3           6          15
          -20          36         -53         -82         -88         -95
            5         727          42         -43          72          75
          -99
            2         961         -67         -93
            4         717          24          54         -75         -83
            3         335          88         -91         -93
            3         253          40          74         -75
            6         899          14         -17         -34          38
           66         -75
            3         430         -10         -44         -80
            9         493           2          -6         -23          37
          -48          55          77          86         -87
            5         972           4         -69         -75          98
          -99
            3         145           5         -58         -64
            2         194          26          95
            3         706          10         -72         -81
            8         249          -6          19          22         -42
           45          47          53          92
            7          25          -6          10         -40          65
           74         -93          99
            8         853         -22         -51          55          63
           67          68         -80          92
            8         622          -4          20          27         -28
           57         -58          74         -83
            4         141         -16         -21          63          90
            5         478          12         -47          64         -65
          -69
            3         359         -56         -67         -87
            2         194          -1         -73
            4         731         -49         -52          63          87
            3         526           7          26         -31
            8         263          14         -22          29          57
          -74         -76          82         -87
            9         261         -18         -29          33          35
          -50          54         -68          89         -99
            4         747         -29         -31         -37         -75
            5         748          -4          31         -53         -59
           74
            4         314          24         -61         -82         -96
            4         157         -14          33         -53          56
            2         892         -28         -55
            6          51         -26         -50         -58          62
           67          74
            5         115           1           9          28          49
          -69
            4         478           9          10         -31         -77
            3         742          25          26         -99
            3         781          -7          13         -80
            9         269         -30         -43          45          62
          -66          70          87          89         -91
            4         320          -3         -41         -45         -62
            6         799           6         -29          37          39
          -45         -50
            5         565         -17          74         -82         -86
           97
            5         493          16          56          57         -79
           82
            5         241          -9         -31         -73          79
           88
            4         700          60          83          84         -86
            5         457         -17          28         -54         -97
          -99
            4         912          49          60          62         -94
            6         584          -9         -18          21         -22
          -37          97
            8         208           3          -8          16         -31
           35          74         -76          86
            4         309         -30         -57          80         -90
            6         767           8          20          45          50
          -51          67
            3         970          31          45         -74
            4         574          15          81         -87         -98
            3         717           1          -6          57
            7         379           7         -10          25          59
           79          83         -90
            5          47          -3         -13         -40          56
          -71
            5         802         -23         -36         -49         -72
           80
            8         427          11          17          28         -40
           44         -82          88         -91
            3          30           2         -71          77
            9         435         -10          16         -20          47
          -55         -68         -82          87         -95
            8         806           6         -24         -26         -38
           52          62         -83         -99
            4         743         -13         -31          75         -88
            4         693          28          34         -41         -67
            2         460         -31          34
            2         661         -24          57
            6         997         -17         -20         -30         -59
           89         -93
            3          84           9         -71         -87
            7         370           3          12          41          55
           79         -95        -100
            5         376          15          19          22         -24
           74
            3         576          27          77         -91
            2         174          47         -95
            6         203           6         -11         -21          29
           84         -90
            4         674           4          -5         -48          98
            3         721           3           5          87
            5         804           2         -16         -39         -67
          -77
            2         952         -44         -64
            5         699         -34         -53          55          69
           71
            8         489         -21          29          30         -39
           46          60         -89          95
            5         461           6          -9          38         -66
          -92
            4         459          30         -31         -58         -69
            3         377          -4          19         -57
            5         795           2          17          37         -71
          -75
            2         627         -68          88
            7         365         -36          42          50         -62
          -80          83          98
